0 5.678389741784686
1 1.7057394760386493
2 3.545394539802809
3 7.935709602227953
4 10.000723550674259
5 9.543244447340877
6 7.822000359747889
7 5.4074784505907525
8 1.5900345069354782
9 3.546742416942036
10 8.314141901167089
11 10.60228541575352
12 9.326956608785682
13 5.379158031330296
14 2.373213907945987
15 4.735730413828405
16 5.837236117688111
17 4.174207683215281
18 2.7859217923900306
19 7.1075984752046635
20 11.092589039911308
21 11.712265456081735
22 8.217360086369833
23 3.3917122055598914
24 6.826458461262438
25 10.797728240840405
26 11.444663997658122
27 9.666677027500143
28 7.118659700375008
29 3.878426382352075
30 0.5547733871680316
31 5.365111447094686
32 8.850671470023247
33 9.94040135106502
34 9.190724939719455
35 7.574244268323359
36 4.636206231281841
37 0.5117469934054437
38 5.955775436300559
39 10.279283329202439
40 11.212805267264342
41 8.387781020731824
42 3.5751479778355684
43 3.2480581533390676
44 6.074086429994518
45 6.039376968352674
46 3.198790575123077
47 4.175486108723515
48 9.394362971344853
49 12.480816403963736
50 11.34147241015932
51 6.37137747611806
52 4.1406966603136315
53 9.290591761941261
54 12.09131688397396
55 11.390349573895863
56 8.7954974706217
57 5.756633720229703
58 2.061746755122127
59 2.6604106332827753
60 6.962147101586619
61 9.50627653076643
62 9.896283999591091
63 9.034117082703537
64 7.109187294910467
65 3.229093657961517
66 2.640828393368853
67 8.37359851487428
68 11.680922394568931
69 10.980057198405198
70 6.772430834455629
71 2.180926799581961
72 4.9126660284111265
73 6.911065559448494
74 5.4798687267867185
75 2.391610994538409
76 6.498295657276529
77 11.477005158575546
78 13.048511605625595
79 10.005653726478046
80 4.310034731794913
81 6.363096073949494
82 11.273059905019476
83 12.632977184267776
84 10.79753422637941
85 7.731940965147466
86 4.36139313862752
87 0.8244401951517585
88 4.644145264668916
89 8.374928214804198
90 10.052214650111232
91 9.920294285788819
92 8.767220284069374
93 6.0696588851951505
94 1.1936543414909058
95 5.1992656233466885
96 10.419942794751366
97 12.258188497496402
98 9.906788884196496
99 4.806946820449478
100 2.878570170370052
101 6.311694722359825
102 6.981902084645776
103 4.30460951520958
104 3.504276461686924
105 8.981590249425292
106 12.91697664027916
107 12.580579116039997
108 7.7933645621788115
109 3.433055549912043
110 8.73111545016814
111 12.526794640581233
112 12.480903212783229
113 9.942785004396708
114 6.709628618292343
115 2.9838589535119513
116 2.0663072783466787
117 6.607248910088907
118 9.69799922618153
119 10.529258667303637
120 9.824424904189131
121 8.029969729511405
122 4.326974252391979
123 1.4470835723153284
124 7.65153112972645
125 11.76951991784305
126 11.919485729449486
127 8.222551274616906
128 3.2752340008442378
129 4.5127599440020045
130 7.017156009261492
131 6.285522018910425
132 3.309739636664307
133 5.89178964376954
134 11.090910101976219
135 13.404482923788425
136 11.042733764709464
137 4.9960545606704
138 4.90037062490305
139 10.630213429615502
140 12.999041188335983
141 11.906863605539584
142 9.168691410013823
143 5.788943413921689
144 1.4847210406397475
145 4.118219116843277
146 8.651749697016717
147 10.928296760027807
148 10.797781718216038
149 9.308398108614812
150 6.626520621207136
151 2.048150482605484
152 4.097666753744512
153 9.626001838107904
154 12.236547795771623
155 10.803694784612587
156 6.4421578186680115
157 3.3708035118058164
158 5.743984965516854
159 6.91008458104031
160 5.207110692607275
161 4.059235864711453
162 8.366706022144326
163 12.442128601576982
164 12.804982718027446
165 8.589690838794182
166 2.331281556504369
167 7.084650813041372
168 11.81347172713855
169 12.881652010329516
170 11.336479401065766
171 8.657305055886413
172 4.75186528469853
173 0.8641248798539423
174 6.592122139897502
175 10.74066707519358
176 11.904707569097127
177 10.605737203233454
178 8.152662157792758
179 4.648377562068927
180 1.3308530203737912
181 6.536466168017014
182 10.852646932820212
183 11.851328329082323
184 9.32288617776625
185 5.362702457992849
186 4.481565569295323
187 6.199020000689339
188 6.207490887172928
189 4.742097942050428
190 6.203473406800366
191 10.36775239462653
192 12.813007704932074
193 11.187272674842907
194 5.538921414259896
195 2.578352648540983
196 8.920539143405687
197 12.320704950576324
198 12.597401291287039
199 11.117990186996263
200 8.232904796895363
201 3.2487437627284774
202 3.325860192797907
203 9.388214936776354
204 12.658572533048279
205 12.36356926970557
206 9.730316276886064
207 6.362732745140239
208 2.7649182968884602
209 3.8116569898452455
210 8.41294503503942
211 11.246594054346078
212 10.913590427765843
213 8.130656581085415
214 5.447481507195784
215 5.282731973473451
216 5.910858413936403
217 5.607294353290528
218 5.804136511270124
219 8.46590068855594
220 11.576399143532926
221 12.178364100518602
222 8.823536831024562
223 2.3298738062009865
224 4.855036793086866
225 10.141692977570727
226 12.475790219076499
227 12.61627917315596
228 11.215983166472407
229 7.467731236713153
230 1.2008301947537845
231 6.512788534368224
232 12.22856065999507
233 14.080333167316569
234 12.05422236138322
235 8.104705537875473
236 4.332761275434739
237 3.035339583538709
238 6.1338987633902855
239 9.538018214147682
240 10.976207320873868
241 9.975120328540429
242 7.780762125960101
243 6.0322169408575625
244 5.323180288878137
245 5.36745615993111
246 6.081011332066585
247 7.776770311778711
248 10.22619559426465
249 11.874830278222795
250 10.723655527208484
251 6.1732195428552945
252 1.0496642013549096
253 6.80703805349542
254 10.886120753795932
255 12.769218588088048
256 13.09854666032126
257 11.1952188595686
258 5.986620803893953
259 2.444847029269933
260 10.023376231240753
261 14.714971607934007
262 14.685342669393542
263 10.848452487424508
264 5.92129084300552
265 3.3378901740968474
266 5.065221717356248
267 7.8330987484526915
268 9.951271746870681
269 10.472813596637014
270 9.60258277559739
271 8.117104303710573
272 6.23446748747328
273 4.7369506090010045
274 5.52924850234746
275 7.692822463051334
276 9.702110967278452
277 11.230203479648189
278 11.356298123952213
279 8.8197114529408
280 3.9235775356122455
281 3.4405091871147766
282 8.232972077064188
283 11.56107288764341
284 13.529341010152379
285 13.714883805232706
286 10.528839014175409
287 3.7515995863221105
288 6.0646893354123
289 13.426576671260854
290 16.438707468450243
291 14.265131962091242
292 8.818200129216928
293 3.8609895395355007
294 4.550461768213952
295 6.99412147028438
296 8.821753090440858
297 9.957166955690118
298 10.272377588966048
299 9.889162000792044
300 8.423663680822456
301 5.69423480106836
302 4.302397971977074
303 6.9016546910319
304 9.620231130923862
305 11.087082772545001
306 11.481490933094726
307 10.298598566749352
308 6.942939015015011
309 3.103864146784308
310 5.405930588759613
311 9.406044413766315
312 12.575825598436994
313 14.614282416511408
314 13.8849653606946
315 8.871383939894994
316 2.2595392638409737
317 9.97963402389032
318 16.251647277413475
319 17.089452824761814
320 12.802898704126367
321 6.301802571530589
322 3.5632738580301315
323 6.463739224719358
324 8.330697192195652
325 9.291638432370698
326 10.031815179793222
327 10.619112138085507
328 10.337642660616227
329 8.132478959144914
330 4.618523360542856
331 5.111053307030731
332 8.863156007608133
333 11.20994335530281
334 11.814751421053792
335 11.194556386389861
336 9.060541626942847
337 5.509030463930934
338 3.8656460492990212
339 7.034152150092138
340 10.73780094131059
341 13.983672657916252
342 15.50316665968666
343 13.109993013029781
344 6.180783720618374
345 4.958544387626714
346 13.646393142249435
347 18.092134412193907
348 16.545306568404733
349 10.521905384537206
350 4.090299689710016
351 5.155978078457276
352 8.010188417345027
353 9.113461049794022
354 9.661646616263706
355 10.50784875668023
356 11.218188935491051
357 10.354660588937852
358 7.117746809691509
359 3.9673361528818316
360 6.97650097999192
361 10.659620942798808
362 12.215018634570562
363 12.054282216710408
364 10.679761699544391
365 7.888070805209496
366 4.665037906871104
367 5.189656982819242
368 8.71525089086887
369 12.423894131727618
370 15.409466079677
371 15.6305458370408
372 11.140148367423496
373 2.943623995637713
374 8.877792361325108
375 16.58026178259346
376 18.707865254323483
377 14.933228083873813
378 7.917544700391692
379 3.673109609344975
380 6.866837208284116
381 9.005147994919126
382 9.706590469921519
383 10.32376020776372
384 11.262800737248567
385 11.526150172967027
386 9.656328221319525
387 5.778927076110812
388 4.8865186591918235
389 8.956092334285785
390 11.914103783829932
391 12.751113770434351
392 12.129806373811478
393 10.133670415421703
394 6.744818545786442
395 4.42277722045934
396 6.903301621903001
397 10.720950994388726
398 14.254939077932217
399 16.310127356037377
400 14.6210044121023
401 8.008018192787786
402 3.0094408041931993
403 12.586549741197429
404 18.424709886415595
405 18.104417789895784
406 12.653553164007953
407 5.791193036281306
408 4.911923279009729
409 8.064801263031494
410 9.740153508072417
411 10.564033446099495
412 11.293732407463255
413 11.833287828079193
414 11.168601004726295
415 8.411524581379721
416 5.128031937850467
417 6.734272923374878
418 10.471365600280993
419 12.6546033465154
420 13.18480835751855
421 12.275066345291497
422 9.459953169917076
423 5.425319946412858
424 5.159951716665522
425 9.16562654121368
426 12.953956743652405
427 15.769141009344562
428 16.242481798948617
429 12.376951672488358
430 3.992887526293195
431 6.831627013710723
432 15.529797271480952
433 19.044073867108835
434 16.573982269630395
435 10.349706250320198
436 4.984196645765363
437 6.1436588895473205
438 8.893956077175726
439 10.741243081729177
440 11.83180981650064
441 12.184005838807778
442 11.78665355914056
443 10.159224666398757
444 7.304370877560936
445 5.936335748196247
446 8.427937510920952
447 11.395921084984904
448 13.26187198498425
449 13.862971305661043
450 12.400604013608657
451 8.321880952173137
452 4.124122335283415
453 7.2253394487661255
454 11.850544905977797
455 15.023184149571614
456 16.50992290183941
457 15.001573503299824
458 9.089917042546022
459 0.48254740571011406
460 10.595285200903183
461 17.410466549212526
462 18.58526604065725
463 14.671115500319347
464 8.713457393228778
465 5.2219130025699165
466 6.933990927006946
467 9.931156487331384
468 12.317365910974885
469 13.189156296707994
470 12.512059040002635
471 10.98736429063517
472 9.002863526343342
473 7.254663918262593
474 7.427623341828802
475 9.50720874248571
476 12.042020134438655
477 14.230828277269403
478 14.781421075706179
479 12.112534909829737
480 6.403001747311819
481 4.438283699689652
482 10.26858783075171
483 14.542947083005645
484 16.475473301819573
485 16.197116820456394
486 12.668610475008242
487 5.271448257684117
488 4.854178829062482
489 13.607099475643729
490 18.204571634044733
491 17.476757061465705
492 13.05078940236065
493 7.955099744891295
494 5.436679458237123
495 7.758718276397362
496 11.700235036887015
497 14.240253249192246
498 14.10285826310939
499 11.986555439642336
500 9.752248634694347
501 8.597740029733393
502 8.318296363602164
503 8.58882384495724
504 10.063331141801315
505 13.02250839460201
506 15.738096147295112
507 15.525690838541708
508 10.953280703417898
509 3.7935515977510543
510 7.268135821215119
511 13.640640377944042
512 16.750198724659835
513 16.979165995171968
514 14.806268706029648
515 9.623918318939513
516 2.6333215314807767
517 8.734315082117169
518 15.659100491626193
519 18.17547772769004
520 16.30844084640026
521 12.08548626691576
522 7.488980293227039
523 5.397054419428693
524 9.408291096266764
525 14.134203779717923
526 15.937271702122217
527 14.137609723370511
528 10.68010390613515
529 8.919702066971617
530 9.435662205310075
531 9.56700139700405
532 9.034840508111659
533 10.700872588631004
534 14.780409344797159
535 17.42958488436338
536 15.52467969996414
537 8.631196722707525
538 2.9666761341292265
539 11.183593254196202
540 16.717939219185244
541 18.07702585654717
542 16.426187744334825
543 12.587403816934863
544 6.626846890320377
545 4.804921959497657
546 11.83871167674403
547 16.842197110348454
548 17.794411042181068
549 15.53442973307827
550 11.520435150798052
551 6.593513728158605
552 6.031994454623565
553 12.09858940737256
554 16.657352912750316
555 16.847403229340017
556 13.137564701784141
557 9.178072967100276
558 9.382017924546775
559 10.90737935226952
560 10.207987163031927
561 9.03718348226101
562 12.19072595318772
563 17.140310545170873
564 18.65698140997026
565 14.323152533268
566 5.163856280410933
567 6.614549115655318
568 15.143375648645975
569 19.00349562752086
570 18.335373626736743
571 14.967285930704552
572 10.046034288915937
573 5.128378273686998
574 8.129928303516763
575 14.141250601384899
576 17.48202316021058
577 17.51481431768352
578 15.138877060071856
579 10.702875462793383
580 5.221980158824716
581 8.29324404598075
582 15.292735473542702
583 18.605992965402525
584 16.63624065653303
585 11.340843073890612
586 8.593540148902054
587 10.98281386120309
588 12.07415146104022
589 10.007557684934987
590 9.502807328161527
591 14.724430828081834
592 19.446858522384545
593 18.815303058587503
594 11.728465032596224
595 1.7363268585373466
596 11.23116456598375
597 18.497648446382502
598 20.207112230218495
599 17.59629674994573
600 12.982181263922243
601 7.8970993241536975
602 6.20188886184994
603 11.052760323138118
604 15.84738258462313
605 17.96713039015635
606 17.47485779581425
607 14.652739786947384
608 9.145749132423246
609 4.796489554843928
610 11.7439405744486
611 18.243710385642224
612 19.4956410228159
613 15.300940113590947
614 9.503877032200078
615 9.648684344246455
616 12.735749067285155
617 12.380281369716748
618 9.391729310724868
619 11.321787423780405
620 17.73929053091157
621 20.979708867254516
622 17.537382462209344
623 7.869803811400813
624 5.160806958387146
625 15.587987451052998
626 20.832031931135518
627 20.305444911191824
628 16.17341937756011
629 10.96933714063451
630 6.880745977585749
631 8.489585067846381
632 13.539702485077973
633 17.264408275474317
634 18.497587767541226
635 17.39928043992991
636 13.544866061036757
637 6.938744031750503
638 7.094180890133853
639 15.44414295077755
640 20.340553483050527
641 19.140735988463266
642 13.236009592009813
643 8.842750116963792
644 11.63590942228576
645 13.837887278727004
646 11.801852976841861
647 9.4814632938611
648 14.347163372859368
649 20.4311839210729
650 21.21241838551896
651 14.769844455195376
652 3.41282126290983
653 10.173199461568068
654 19.123378161940064
655 21.99873878304501
656 19.54746833342846
657 14.512084496683924
658 9.341313412065638
659 7.230251356146844
660 11.010223617230759
661 15.806605741688479
662 18.58641660135007
663 18.941294917083464
664 16.829065278661563
665 11.589982953287542
666 5.376484940353647
667 10.907162472252983
668 18.637981024241483
669 21.238288700331577
670 17.710717380278574
671 11.27289013309089
672 9.923654683749481
673 13.45034717560332
674 13.97534315080474
675 10.924492575754051
676 11.259277603385536
677 17.710170294670245
678 22.133674940344587
679 19.91626286921428
680 10.802451029506114
681 3.6047276048690993
682 14.760776807293858
683 21.546514665501004
684 22.14335389582915
685 18.36675940854748
686 12.970031292556364
687 8.235900935913374
688 8.611665835463016
689 13.683312444238771
690 18.008887814703947
691 19.742777607213437
692 18.94305966710986
693 15.446274798185424
694 9.112294036155296
695 6.834042740094796
696 14.832900980627086
697 20.834836927037703
698 20.919145648157308
699 15.74036877588645
700 10.46352058329393
701 11.82172097767639
702 14.463790843072285
703 13.350297245953882
704 10.888428588969555
705 14.357224426052603
706 20.57499190051205
707 22.452527481659722
708 17.19161316274271
709 6.427335248388483
710 8.48413977949183
711 18.45268381073463
712 22.85785479875087
713 21.653528076777416
714 17.172946208157278
715 11.592156538889391
716 7.6746921932156855
717 10.836574388314022
718 16.57546255491189
719 20.06758271272622
720 20.443436016268127
721 18.17659383859816
722 13.2941366776413
723 7.35336592325426
724 10.426891937333924
725 18.132045975199333
726 21.843971837392612
727 19.70579597962724
728 14.04030414575283
729 11.151404027737623
730 13.447898981630377
731 14.581691645123614
732 12.685492282425997
733 12.522188763818955
734 17.736242651929274
735 22.378422754669177
736 21.305057918089087
737 13.477198266637988
738 4.3975474655853715
739 13.146765731206253
740 21.080241827959508
741 23.336821153541916
742 20.98549073134402
743 16.090602415637562
744 10.143067608729915
745 8.062705084997969
746 13.873918530844156
747 19.552009959612082
748 21.686959100541618
749 20.368820842655342
750 16.556997263916998
751 10.930848688406224
752 8.151874983100644
753 14.261803556938816
754 20.43464650533416
755 21.79429225549664
756 18.195424580057836
757 13.32946362366418
758 12.527146617154411
759 14.314259727298177
760 14.197197731661095
761 12.970091568652677
762 15.387259577686635
763 20.579910021697366
764 22.861837859319404
765 18.915460448385534
766 9.640930911944714
767 7.512383930135268
768 16.99405892165393
769 22.76409799026604
770 23.420508892110945
771 20.396189142501846
772 14.871199259065618
773 8.531599048801068
774 10.04831453969071
775 17.493598747260783
776 22.25161305919979
777 22.514452320577362
778 19.36110319224815
779 14.365059526957955
780 9.542224908130104
781 11.09210953553609
782 17.51856462221543
783 21.684242818808872
784 21.09247515635804
785 17.047136690015968
786 13.645407818690838
787 13.679985714985794
788 14.494149772159208
789 14.071015860151714
790 14.656807448844017
791 18.499355272148872
792 22.430386344441953
793 22.05825036016315
794 15.784688341612133
795 7.3706406069799515
796 11.77143942842359
797 19.940501471238527
798 23.8446658528839
799 23.46635680627042
800 19.761887302884542
801 13.11984225178241
802 7.528127876551199
803 13.575102856973976
804 21.218042754803175
805 24.23611409749404
806 22.316417990307997
807 17.544163238666084
808 12.310101056110609
809 10.256271454303713
810 14.497401836333799
811 19.908752781554075
812 22.102577799883118
813 20.276208622925374
814 16.614146798724637
815 14.36121615201172
816 14.256510465766512
817 14.49190844486784
818 14.906088235556469
819 17.25647915775397
820 21.141183544465257
821 23.14122951713529
822 20.243380434258903
823 12.67018608820796
824 8.408932044223869
825 15.621415388467621
826 22.171647908345783
827 24.699563773957475
828 23.519089549386955
829 18.67408687571636
830 10.696534724793601
831 8.86128450339421
832 17.93335382070256
833 24.482561652853196
834 25.16262237649426
835 21.095618214247803
836 15.371292805828656
837 11.39850350980747
838 12.630437187231617
839 17.521216300401527
840 21.46792497704974
841 22.08327779816018
842 19.76029416241114
843 16.721016852963892
844 14.877353553724461
845 14.44341043707987
846 14.977280639358463
847 16.781025334731122
848 19.998113002470358
849 22.968799053891825
850 22.806736066581333
851 17.854691584040644
852 10.580605909755725
853 11.495139594032228
854 18.88246312552876
855 23.999206426046317
856 25.51075237713307
857 23.281890759802895
858 16.73691166699318
859 8.280384051264075
860 12.697542132558993
861 22.33249497593772
862 26.804782665765746
863 24.902871970089766
864 19.136123224079178
865 13.584983322222394
866 12.187421115482868
867 15.49403807556593
868 19.92641703842102
869 22.437375479991605
870 22.003953132262517
871 19.616873617806313
872 16.914201639104782
873 15.037755475110421
874 14.760202603818165
875 16.324329142944556
876 19.207139987029702
877 22.366355360714902
878 23.917377948417972
879 21.664719203164154
880 15.407134228012573
881 10.439323368595721
882 14.993155047421961
883 21.6999750991647
884 25.660169716002965
885 26.145643375239636
886 22.321975998079473
887 13.865703718195013
888 8.15021498570074
889 17.64491402805658
890 26.114202224350766
891 27.902043161239956
892 23.592298733564835
893 16.976687874450924
894 12.944023008195192
895 14.185088875754847
896 18.201934388734767
897 21.783303491972628
898 23.10792075620582
899 22.03881573322191
900 19.61390825699497
901 16.891966772003112
902 15.115588962968731
903 15.695789880319987
904 18.372194458528504
905 21.65766093377971
906 24.15584771493674
907 24.077637386389483
908 19.99187985538017
909 13.454168348500026
910 12.20211583504941
911 18.425663053880303
912 24.262777358346288
913 27.162141739398304
914 26.251076251535224
915 20.33234903125881
916 10.625381109848808
917 11.638583276106035
918 22.60980968771971
919 28.824857593887437
920 27.746792448366428
921 21.608707230588124
922 15.287905901122793
923 13.670683708598537
924 16.62408563026599
925 20.595577968226827
926 23.272188492490155
927 23.660660233181066
928 22.11752527154527
929 19.48451269209198
930 16.69953226881966
931 15.568535111573462
932 17.353495923376705
933 20.708338387918058
934 23.84418885236878
935 25.350431502845453
936 23.573157768902576
937 18.047828318306664
938 12.589392343652596
939 15.099702885826742
940 21.738882462022033
941 26.632416848965516
942 28.2846419550241
943 25.4648543237419
944 17.323279985639285
945 8.930889592686668
946 16.842808093899432
947 26.903270046976914
948 30.256455351418797
949 26.556200596558906
950 19.483250862662253
951 14.603361626475907
952 15.349497634993003
953 19.114386555168203
954 22.728075905251007
955 24.52361993045725
956 24.102653333298537
957 22.06801499337327
958 19.159245307009872
959 16.654470413075643
960 16.685483818302362
961 19.480651622984997
962 23.024614665071415
963 25.686995126233178
964 25.9768939236965
965 22.487526620072018
966 16.130554254110624
967 13.291586537752664
968 18.55190910935285
969 24.910141726835505
970 28.693702878557623
971 28.71470888116605
972 23.59479710295954
973 13.805372248104135
974 11.134980130765548
975 22.23136720483421
976 30.12174074507027
977 30.44452898647051
978 24.71945231226546
979 17.7521179212019
980 15.034835078389479
981 17.509568149050672
982 21.572954198856337
983 24.656842472524136
984 25.545318355004717
985 24.340260851973667
986 21.803194018492352
987 18.80839665726373
988 17.101740554573343
989 18.409661602410583
990 21.783204238736726
991 25.20854319230147
992 27.17134657161273
993 26.007514174540507
994 20.891182905812553
995 14.737770216516703
996 15.56300199495053
997 22.221189319266482
998 27.82918125119843
999 30.223841291112144
1000 28.19992284712252
1001 20.71799394434698
1002 11.182473336682904
1003 16.034486083711354
1004 27.052025278853733
1005 32.104494670723994
1006 29.613276159736845
1007 22.68381881983307
1008 16.793119613946423
1009 16.349032341313514
1010 19.937149044810113
1011 23.98840072882837
1012 26.345490746688426
1013 26.2663309673919
1014 24.3129738512284
1015 21.403740592243853
1016 18.71550798232508
1017 18.17283818873781
1018 20.507584556454088
1019 24.11801079769097
1020 27.241723413110037
1021 28.221846346248896
1022 25.36383672634106
1023 18.972724206976302
1024 14.611531847616233
1025 18.931407176683553
1026 25.83638796519225
1027 30.320938404156834
1028 31.000841109487645
1029 26.638872270231854
1030 17.26103841212592
1031 11.71216943576652
1032 21.62363739185388
1033 30.917093667358348
1034 32.88460484364356
1035 28.083248948268256
1036 20.84790193628697
1037 16.75629824912035
1038 18.303460103227962
1039 22.55576429193667
1040 26.276740897698787
1041 27.69113776439174
1042 26.641458373951927
1043 24.07303740990306
1044 21.064465091761697
1045 19.090897243053092
1046 19.774023806676713
1047 22.81015118803359
1048 26.46238906191799
1049 29.0581520791291
1050 28.676140819918068
1051 24.018642951779196
1052 17.21744331506532
1053 16.258525112349098
1054 22.811072970818483
1055 29.154377532997625
1056 32.21505945840392
1057 30.87462665504022
1058 24.11004884875329
1059 14.198858625127924
1060 15.633821717291516
1061 26.950117813759487
1062 33.6528468552568
1063 32.61588736160337
1064 26.184210538545386
1065 19.52446415535127
1066 17.644427194018196
1067 20.75699281849399
1068 25.249603725221867
1069 28.281879933665493
1070 28.621033032478167
1071 26.72093589604432
1072 23.76078683672889
1073 20.97084445210329
1074 19.986250076670398
1075 21.768853322676378
1076 25.270100441147136
1077 28.780625770484985
1078 30.480262479863782
1079 28.366526814163407
1080 22.14154331078238
1081 16.459899155338622
1082 19.401084567430647
1083 26.71985701932433
1084 31.99549040453652
1085 33.387646930781564
1086 29.781373628981534
1087 20.899198475444933
1088 13.270441546111522
1089 21.098089053414153
1090 31.55216259318393
1091 35.21712683210481
1092 31.5030752632135
1093 24.226106134307543
1094 18.980452103283774
1095 19.39875997057815
1096 23.559273909721814
1097 27.820920198782925
1098 29.86921275950856
1099 29.16552849791324
1100 26.631696069836703
1101 23.51383490114171
1102 21.223822495060922
1103 21.374478418685595
1104 24.098093378305414
1105 27.864261209236172
1106 30.92756175689149
1107 31.271584728606932
1108 27.249759845259778
1109 20.219944620914283
1110 17.451487375417653
1111 23.316627866072526
1112 30.341506606957495
1113 34.260816032776205
1114 33.75064556214135
1115 27.734206832539936
1116 17.631375205456447
1117 15.741746369937822
1118 26.834879125582063
1119 35.16208395695281
1120 35.64177953615012
1121 29.77586141837015
1122 22.54527468297667
1123 19.44440932150003
1124 21.871494182279797
1125 26.48024415403215
1126 30.06979445770512
1127 31.013001754271908
1128 29.44675359054011
1129 26.492054220297376
1130 23.40683409645967
1131 21.88238861221327
1132 23.255357740452194
1133 26.73605985359514
1134 30.483557764588088
1135 32.66358522994962
1136 31.25543211290555
1137 25.51394347619405
1138 19.050535648891078
1139 20.15348478427432
1140 27.392690018354635
1141 33.524198127902345
1142 35.89369726147526
1143 33.21616252917187
1144 24.853356892949616
1145 15.57374601993315
1146 20.708935908400022
1147 32.17341760439839
1148 37.60394390173367
1149 35.016101279457665
1150 27.72517470793206
1151 21.55309259664002
1152 20.984978839575554
1153 24.795851044217926
1154 29.266566009983123
1155 31.894469975786922
1156 31.80433254542823
1157 29.590662527072713
1158 26.345463302235174
1159 23.494239300048267
1160 23.046959393699062
1161 25.640350791007148
1162 29.587656798162172
1163 32.91617327517758
1164 33.753653560974485
1165 30.419146177250195
1166 23.617156391424977
1167 19.40435468905039
1168 23.889824224116303
1169 31.28742573728471
1170 36.219880340094676
1171 36.807245922317286
1172 31.691907246171326
1173 21.512387055416873
1174 16.428727170489175
1175 26.685570851953603
1176 36.66557451508116
1177 38.77624046599505
1178 33.52035837671226
1179 25.766262576884003
1180 21.640648406741356
1181 23.40445794482542
1182 27.85840865445315
1183 31.745194187430172
1184 33.3241078850302
1185 32.370332584298566
1186 29.639371088775817
1187 26.194729875770026
1188 23.911607164025877
1189 24.841586466783564
1190 28.454753383456037
1191 32.45667420228028
1192 34.92402369730463
1193 34.06870070551755
1194 28.953019633724725
1195 22.223394102916718
1196 21.466906883495216
1197 28.025112592457656
1198 34.869341712151865
1199 38.37723307377871
1200 36.83993910828733
1201 29.158466181354598
1202 18.663412728321152
1203 20.515812359377062
1204 32.65892881793597
1205 39.97259720532251
1206 38.69095215228521
1207 31.48456427765117
1208 24.429217214503122
1209 22.927691962162793
1210 26.33633854474208
1211 30.818462057462696
1212 33.875156204445766
1213 34.456768016796964
1214 32.76766139284225
1215 29.55751699862554
1216 26.122436988480388
1217 24.894603166614242
1218 27.283924441429257
1219 31.49823901663212
1220 35.11271045488959
1221 36.33683312096199
1222 33.62656037646413
1223 27.21890665275781
1224 21.99515691347377
1225 24.81448131696442
1226 32.210422332334446
1227 38.081325382436866
1228 39.848311467893986
1229 35.796256652779185
1230 25.85489904904729
1231 18.04460440584833
1232 26.463600680641218
1233 37.93191483936347
1234 41.88602377702652
1235 37.53610586243066
1236 29.4103326368397
1237 24.169377741404595
1238 25.162136655237024
1239 29.451772110815224
1240 33.57525071649515
1241 35.704501449752684
1242 35.34793732482128
1243 32.950969299300304
1244 29.34979413251286
1245 26.376139492211934
1246 26.63179553416637
1247 30.199862207583873
1248 34.52088280630014
1249 37.38596290191713
1250 37.091312338459154
1251 32.561342530560694
1252 25.684501378490136
1253 23.303090815810396
1254 28.92787360768436
1255 36.283019570701555
1256 40.802002213291736
1257 40.381137595761345
1258 33.58375262893745
1259 22.579565607607336
1260 20.92059976145839
1261 32.8589846061294
1262 42.010571619033115
1263 42.39546217101337
1264 35.70991752267363
1265 27.872965906628593
1266 25.08931103024347
1267 27.950394836090478
1268 32.58709553264976
1269 36.13434921990874
1270 37.26173191099521
1271 35.947046615215044
1272 32.865771185066016
1273 29.19522043263378
1274 27.283005808430474
1275 29.076174202984504
1276 33.30013196279359
1277 37.34328159498344
1278 39.206284417895326
1279 37.19437082806242
1280 31.065429568214565
1281 24.876572368256184
1282 26.11963878573553
1283 33.451376997188284
1284 40.09111025004166
1285 42.783273023156404
1286 39.72226624138166
1287 30.41881303073628
1288 20.933341234561453
1289 26.44210619125065
1290 38.72249816674873
1291 44.62974382446256
1292 41.738183281092276
1293 33.76476518129811
1294 27.280332186203772
1295 26.925710599704356
1296 31.038608923158467
1297 35.72587774354282
1298 38.494576363147196
1299 38.47145639723335
1300 36.155496996438075
1301 32.60424427070695
1302 29.45322153623031
1303 29.004164651881005
1304 31.943387158015998
1305 36.35113283768476
1306 39.91655132196447
1307 40.553250599621926
1308 36.650935546088846
1309 29.38724065704948
1310 25.348137456044828
1311 30.177137070448016
1312 38.10910430744997
1313 43.37957504200909
1314 43.707437676602524
1315 37.79052795496861
1316 27.062915099132706
1317 22.543563252686127
1318 32.92277233087184
1319 43.43898263003249
1320 45.805257372387324
1321 40.37121950227986
1322 32.22573192023465
1323 27.674602890099994
1324 29.37044113765966
1325 34.38664334566058
1326 38.86708980579467
1327 40.54239290762891
1328 39.18082794985497
1329 35.9808619720759
1330 32.48768412040307
1331 30.45995680400992
1332 31.373054025302434
1333 34.91554415222517
1334 39.2950316655861
1335 42.267285080374094
1336 41.355383250285776
1337 35.44041844880717
1338 27.947150155914752
1339 27.541431299065348
1340 35.10103705294447
1341 42.56796108166374
1342 45.79872382630017
1343 43.33483762333935
1344 34.860517956523246
1345 24.94530299237745
1346 27.220169867716823
1347 39.11944642330664
1348 46.73689792088483
1349 45.830226688931944
1350 38.828033448338246
1351 31.363540727020894
1352 28.853923902645775
1353 32.3379680126163
1354 38.032744377809514
1355 41.88005173608736
1356 42.05104497685713
1357 39.30058879672992
1358 35.67241095811276
1359 32.94935094571404
1360 32.25030618852729
1361 34.02596589869948
1362 37.858771775664984
1363 42.22492971620774
1364 44.35648763976157
1365 41.431053218244855
1366 33.6177678557721
1367 27.491394985714532
1368 31.524745302389796
1369 40.41188317322574
1370 46.40805747118067
1371 47.02082492940457
1372 41.66948875446908
1373 31.698314592990037
1374 25.590887996869693
1375 33.36283913723179
1376 44.334528500736944
1377 48.67695247323299
1378 45.16567293033322
1379 37.49647626608152
1380 31.147418047647015
1381 30.718178931200054
1382 35.92548355317085
1383 41.88484351457017
1384 44.46667647654142
1385 42.807958779453564
1386 38.9721785722476
1387 35.69778796450245
1388 34.233463961179105
1389 34.51436354960403
1390 36.69907784348626
1391 40.886345895182416
1392 45.215342604824095
1393 45.96169700770095
1394 40.55451172259957
1395 31.54715564722332
1396 28.946224597688584
1397 36.871739894165586
1398 45.53572944827013
1399 49.21302741016071
1400 46.8926911196594
1401 39.07407237868188
1402 29.53048366257608
1403 29.217150906100528
1404 39.597264506537584
1405 48.31524852115322
1406 49.5660782633872
1407 44.23538596935386
1408 36.47806472551082
1409 31.498921695221437
1410 33.431517497680225
1411 40.15214600107538
1412 45.61510893824318
1413 46.275069493624564
1414 42.80036028684062
1415 38.62957878200679
1416 36.48816751582845
1417 36.17919178314032
1418 36.86846220220372
1419 39.43102145566666
1420 44.21103704996779
1421 48.12301238834801
1422 46.69653621617712
1423 38.658986008306464
1424 30.14563646045873
1425 32.751076947262725
1426 42.82346480180884
1427 49.9013968687456
1428 50.71305209278578
1429 45.54502045820422
1430 36.2810462390791
1431 29.567384523904565
1432 34.64989761776113
1433 45.1888900560669
1434 51.13925818999907
1435 49.775373838351086
1436 43.23682409073
1437 35.70528143457685
1438 32.609775379685374
1439 37.210102294198144
1440 44.74015251753371
1441 48.74629392206104
1442 47.101296160436156
1443 42.34308779473782
1444 38.83801357880618
1445 38.106142667123564
1446 38.35716913179625
1447 39.1845739011928
1448 42.519860169581136
1449 47.86999063170344
1450 50.52522922378592
1451 46.19037760169597
1452 36.11817045872116
1453 30.739033782937458
1454 38.40082574521372
1455 48.553971482370166
1456 53.08858642247802
1457 50.89593937147171
1458 43.401462457752764
1459 34.243325724046045
1460 32.156853702336214
1461 40.65803734387722
1462 49.893742132114575
1463 53.038322336397066
1464 49.534388836799515
1465 42.13917438878248
1466 35.27326626153437
1467 34.93776300731881
1468 41.9579444158045
1469 49.13601124647085
1470 50.87037455367548
1471 47.06742676910247
1472 42.02648020725585
1473 39.93056812123752
1474 40.18743958373498
1475 40.444401769499066
1476 41.7177813209975
1477 46.23434993683376
1478 51.53731418711755
1479 51.86479345592309
1480 44.35724356126418
1481 33.97459713520121
1482 34.11629081208847
1483 44.82802673445214
1484 53.39806133863103
1485 54.95098302600257
1486 50.01899367382905
1487 41.06686511604561
1488 33.79867288228076
1489 36.67291253210638
1490 46.55648474945616
1491 53.73051970677537
1492 54.187098891738586
1493 48.8492605558839
1494 40.92782271902115
1495 35.683369733895375
1496 38.77797366513771
1497 47.14231384850397
1498 52.73976537457013
1499 51.873841008467295
1500 46.66248429643742
1501 42.41652426829971
1502 41.743898357596564
1503 42.26153902230424
1504 42.5177618763327
1505 44.91880644264028
1506 50.47986916766259
1507 54.58996615998707
1508 51.72420586284233
1509 41.65756046500105
1510 33.75669133040473
1511 39.733049119911534
1512 50.99631368286567
1513 57.00874498810198
1514 55.6425504856561
1515 48.49335637372372
1516 39.141614364350644
1517 35.334482233151064
1518 42.30764662855191
1519 52.07568124349459
1520 56.74003767514638
1521 54.57339623412028
1522 47.646056532752596
1523 39.93559090975926
1524 37.64791235635073
1525 43.84278845269557
1526 52.0089789751808
1527 55.18228865111899
1528 52.05529465500372
1529 46.55138027110364
1530 43.65981663640821
1531 43.77150404051567
1532 44.1628232518654
1533 45.05115984817773
1534 49.017019142984445
1535 54.71035568691008
1536 56.38044317155054
1537 50.105446234977634
1538 39.22459185039657
1539 36.452551634269646
1540 46.276524764193404
1541 56.229302813780905
1542 59.411839381688495
1543 55.50305643806997
1544 46.68868977837117
1545 38.10535899252349
1546 38.8056036599126
1547 48.54088686073799
1548 57.065896688652
1549 58.815258033440514
1550 54.06111274244308
1551 46.07666273855843
1552 39.95309531798296
1553 41.4608470241182
1554 49.333660110772726
1555 55.92585212811109
1556 56.51615782535739
1557 52.03919318536111
1558 47.17530333070841
1559 45.381513351452774
1560 45.61571772321178
1561 46.223635189490274
1562 48.5611011614537
1563 53.71109472531004
1564 58.156039270138
1565 56.55378183187653
1566 47.615835858884545
1567 38.565397769894325
1568 41.5666679314785
1569 52.586998928528224
1570 60.322759870458846
1571 60.91078155474009
1572 54.829932751949265
1573 44.8106961080361
1574 38.405482714424
1575 44.011560510889645
1576 55.02434593830034
1577 61.265156763594725
1578 59.7042018609631
1579 52.63891828261477
1580 44.77759227946479
1581 41.823123978637234
1582 46.606406188458024
1583 54.36740360950338
1584 58.65654639813659
1585 57.225182447081444
1586 52.44524511001323
1587 48.432591971643696
1588 47.03789365512422
1589 47.3627623489231
1590 49.091288391370455
1591 53.120139350165026
1592 58.25168873289556
1593 60.182264217891394
1594 55.281747607870784
1595 45.43665960863628
1596 40.59536634119146
1597 47.723838363679874
1598 58.059404928690846
1599 63.48622335900942
1600 61.8387047970362
1601 53.67717298859581
1602 43.030157219877275
1603 40.61474387537957
1604 50.67389168425172
1605 61.31863374884367
1606 64.24544441133331
1607 59.20295007700459
1608 50.7195559220184
1609 44.78826005471832
1610 45.69969951136301
1611 52.0770629286623
1612 58.37769556204647
1613 60.4643090240395
1614 57.98610055061476
1615 53.469824488846164
1616 49.79180045026856
1617 48.41976867439338
1618 49.620126185685436
1619 53.213830271281736
1620 58.17911725067126
1621 61.812525798986286
1622 60.588812987417256
1623 53.327464712070416
1624 44.87517375758639
1625 44.874064964981024
1626 53.78040167751545
1627 62.66989916287486
1628 66.10267782239501
1629 62.27277210099062
1630 51.87809007617255
1631 41.86841535351266
1632 45.2684987276315
1633 58.27789708052667
1634 66.78290291115071
1635 65.5599095216814
1636 57.44690751888294
1637 49.27338918506694
1638 46.926404099504786
1639 50.8223317484107
1640 56.96448310471927
1641 61.32887603333253
1642 61.97628398512072
1643 59.239945240384586
1644 54.74487755271066
1645 50.77936754576762
1646 49.93424169133867
1647 53.11769167476015
1648 58.39262752717591
1649 62.84775848277811
1650 63.87186989231014
1651 59.75074233930722
1652 51.83414878696332
1653 46.54662446721028
1654 50.1891978090342
1655 59.27761754168706
1656 66.77042427402502
1657 68.37704620151634
1658 61.92452663188037
1659 49.37677362446108
1660 42.492414712794655
1661 52.364425630680245
1662 65.98331841582106
1663 70.68662851350489
1664 65.01280826797681
1665 55.14941779114554
1666 49.51777891401682
1667 51.066709188268135
1668 56.07326537397116
1669 60.85669545568027
1670 63.69141288122379
1671 63.80022955659566
1672 60.86542664286896
1673 55.65854023250854
1674 51.458349876788
1675 52.444462800139156
1676 58.089035250325246
1677 63.832933123786695
1678 66.34813549932076
1679 64.4414890399705
1680 58.530678046590474
1681 51.779556445487934
1682 49.99292397774818
1683 55.60770034882114
1684 64.36950285351283
1685 70.7063398903608
1686 70.08645256662277
1687 60.3436150486448
1688 46.75392977446043
1689 46.259484880489964
1690 61.111237964892055
1691 72.75264876811373
1692 72.46576737509675
1693 62.9304280120684
1694 53.57956825300782
1695 52.11201855382933
1696 56.21196895555743
1697 60.636476278362366
1698 63.950647401698156
1699 66.14388180782271
1700 66.08819801160242
1701 62.27220689474244
1702 55.891721755286085
1703 52.57924832572828
1704 56.6496960644957
1705 63.99806210397496
1706 68.59479291760745
1707 68.35374388404735
1708 64.07779687852485
1709 57.910530979659725
1710 53.40062103079775
1711 54.29652261382113
1712 60.902757515371455
1713 69.45935932933973
1714 74.43596995704091
1715 70.638920668038
1716 57.36961361397132
1717 45.610194844614796
1718 53.51581099500727
1719 70.19140505540308
1720 77.62574904479935
1721 72.0029899022697
1722 60.297798216147314
1723 54.03180056933111
1724 56.59470691361877
1725 61.241254967965034
1726 64.3268399836612
1727 66.87196581410525
1728 69.09754534977236
1729 68.4046828485367
1730 62.86552479579189
1731 55.81049455378944
1732 55.203922290325636
1733 62.46480599281179
1734 69.86031521623313
1735 72.04960884541669
1736 69.10554344232565
1737 63.63500441448298
1738 58.46632381193159
1739 56.2106199224909
1740 58.90805965304593
1741 66.37815297498334
1742 74.72057722255278
1743 77.41659675411235
1744 69.43385679009877
1745 53.65776888573764
1746 48.04164838876632
1747 63.144418822159714
1748 78.21200027014017
1749 80.01800352236481
1750 69.82475743128018
1751 58.5714038920691
1752 56.939892494928536
1753 61.79888098951144
1754 65.53452082182544
1755 67.56787301088178
1756 70.23118964712833
1757 72.3673750267683
1758 70.0404685168624
1759 62.54663002245375
1760 56.461009884910375
1761 59.906569206120324
1762 69.03051614300544
1763 74.79118660787348
1764 74.12022658295734
1765 69.27048712176132
1766 63.81390604315932
1767 60.11058350636702
1768 59.63754489340924
1769 63.914062144159736
1770 72.3726057225059
1771 79.79149857379079
1772 78.85026959040907
1773 66.34428405677393
1774 51.02741133454862
1775 54.8684889248907
1776 73.33748173424057
1777 84.08671615595527
1778 79.94892744584641
1779 67.10236321817193
1780 58.999270954047674
1781 61.56823552416033
1782 66.70622578847113
1783 69.17377721575286
1784 71.04822568875147
1785 74.15066191655087
1786 75.28255149088574
1787 70.52833423444669
1788 61.967583922588574
1789 58.99924802476277
1790 66.26632618662894
1791 75.27389442397975
1792 78.39141371838015
1793 75.25011855842534
1794 69.56438496259577
1795 64.78924418816308
1796 62.411894056019364
1797 63.59157274176694
1798 69.72393245860822
1799 78.77611537740657
1800 83.85868774980293
1801 78.13023928815801
1802 62.150746764129096
1803 51.968198629723695
1804 64.78360494617873
1805 82.42323738214331
1806 87.3003119906692
1807 78.12397336645643
1808 65.30955693540645
1809 61.799081718950035
1810 66.7092654634769
1811 70.96142642282234
1812 72.75642587834444
1813 75.19173668813657
1814 78.13667237682829
1815 77.1469246204289
1816 70.03845243968432
1817 62.34904551443553
1818 63.816878902681076
1819 73.19417938942028
1820 80.46473185757581
1821 80.84447489309267
1822 76.10783742587638
1823 70.32788595036932
1824 66.27612253332225
1825 65.1869964265742
1826 68.48501272612194
1827 76.50022171186501
1828 84.89993956660906
1829 86.04542526479445
1830 75.27501010153361
1831 58.742021554507915
1832 57.74224175982716
1833 75.58416943749819
1834 89.28562029596712
1835 88.03600622466152
1836 75.78018800680984
1837 65.50890286140267
1838 66.12038178329117
1839 71.54586844778909
1840 74.90113415157342
1841 76.90979127416675
1842 79.7976926125223
1843 81.40706922320082
1844 77.71626434852327
1845 69.45598139097322
1846 64.77860923181106
1847 70.23456509939436
1848 79.64826878625917
1849 84.47453820565217
1850 82.71943793792582
1851 77.14931526977253
1852 71.39691171227648
1853 68.01739599405913
1854 68.80387583451886
1855 74.74945700422236
1856 83.79133840714383
1857 89.75722396152356
1858 85.85932884332534
1859 71.21847971901244
1860 58.58990082611457
1861 67.16108730571985
1862 85.41013640871361
1863 93.53128396160537
1864 87.11546094113832
1865 74.22777837791524
1866 67.74402275452637
1867 70.88256048922419
1868 76.01180203091717
1869 79.19003722969296
1870 81.7741930689985
1871 84.15108690115493
1872 83.40110310288378
1873 77.4414868757908
1874 70.01567402933227
1875 69.4192949921012
1876 77.08412614294372
1877 85.1247298275141
1878 87.7032779529726
1879 84.55515747974474
1880 78.3337568886473
1881 72.42844939124622
1882 70.25820242022269
1883 73.92540358470436
1884 82.2765728300091
1885 90.63724363136782
1886 92.51471304734784
1887 83.52025197234065
1888 67.8128692075363
1889 63.09364939345076
1890 77.89508317705747
1891 93.17660112078548
1892 95.48028683799838
1893 85.69955897119182
1894 74.22741134790121
1895 71.23631741944111
1896 75.55489282610385
1897 80.62675083332412
1898 84.25530257561935
1899 86.84896649749659
1900 87.48998160092322
1901 84.15180851471798
1902 77.34948756980974
1903 72.56282919686649
1904 75.45763711427087
1905 83.47292165745178
1906 89.75696238289157
1907 90.72385758380764
1908 86.4638224746984
1909 79.25657652551672
1910 73.43370388180564
1911 73.78112515963849
1912 80.87871948557373
1913 90.2769169376281
1914 95.99501034169926
1915 92.86965713802473
1916 80.08026941281912
1917 67.23263037642185
1918 71.39725652541043
1919 88.02716041354402
1920 98.60810120715426
1921 95.95933946023314
1922 84.79351124006452
1923 75.68784971632161
1924 75.20491728316696
1925 80.34260891012137
1926 85.9784060271792
1927 89.89892670618525
1928 91.31409593004544
1929 89.47715081640209
1930 84.35099625592979
1931 78.52923993292742
1932 76.9958755188496
1933 81.81892793585463
1934 89.1612069882351
1935 94.06486704722515
1936 93.82215084814327
1937 88.06428614663363
1938 79.63012048888135
1939 75.09355586978889
1940 79.38059488308457
1941 89.21859647297985
1942 97.62034851719586
1943 99.17178836836577
1944 91.23467636968519
1945 77.23840999650416
1946 70.69939620868001
1947 81.42895362354237
1948 96.53553354534765
1949 102.07540514957654
1950 95.90945990797381
1951 84.81750062500271
1952 78.03807313831351
1953 79.47912632412182
1954 85.8343819950822
1955 92.17851925093377
1956 95.39025527910248
1957 94.54138264425288
1958 90.42627662657122
1959 85.04434178620913
1960 81.4726232913808
1961 82.48066402790255
1962 87.8691495526189
1963 94.48950442275755
1964 98.48738678718536
1965 96.74609981377212
1966 88.82849817212725
1967 79.77146297969391
1968 78.53461871803424
1969 87.16124843835937
1970 97.87499312012103
1971 103.3245024957679
1972 100.08065579032129
1973 88.68491636452391
1974 76.73145883587004
1975 77.68574898455358
1976 91.43179913051226
1977 103.20702766628112
1978 104.26782607104367
1979 95.95977029129408
1980 85.60511780924583
1981 80.92030966702242
1982 84.49516346340903
1983 92.39969551156845
1984 98.69826773207939
1985 99.92395887355505
1986 96.46205750039101
1987 91.18419628544714
1988 87.05181063351411
1989 85.83356092147815
1990 88.17837989742762
1991 93.6431875628012
1992 99.97309597126217
1993 102.98115974440857
1994 98.87142373722205
1995 88.60509314669382
1996 80.74538598470268
1997 84.57629674760304
1998 96.33216863246213
1999 105.6677589182367
2000 106.90132998157915
2001 99.26509710611647
2002 86.64420290827834
2003 79.48078567121321
2004 86.6619031155212
2005 100.48976158157255
2006 108.33494629821841
2007 105.79368890175556
2008 96.24328441149356
2009 86.8648312656504
2010 84.56813545344652
2011 90.79251066748067
2012 99.78194979606239
2013 104.68084137918505
2014 103.08587334827921
2015 97.6255680724507
2016 92.68889599523406
2017 90.49927374030021
2018 90.8535069496508
2019 93.7905865256894
2020 99.60678297880303
2021 105.80512319986812
2022 106.9809983855643
2023 99.6690877319357
2024 87.99649482916712
2025 83.92137780551973
2026 93.05479892303615
2027 105.6393612244242
2028 111.77050433592146
2029 108.46170272312705
2030 97.6992314546197
2031 86.3729564112814
2032 85.23953537334141
2033 96.2711870481162
2034 108.37352837796034
2035 112.3318514819497
2036 106.91312058434085
2037 96.61527407885457
2038 88.69424939336481
2039 89.59917319136646
2040 98.43066074782169
2041 107.19206429852179
2042 109.43920614402413
2043 105.07280819163897
2044 98.92016532190016
2045 95.43395939813482
2046 94.88744653710468
2047 96.00988681093553
